1995	7	0	0	0	0	0	297.5	306.2	322.2	324.9	322.5	311.9	292.7	276	265	258	255	254.9	259.9	264.6	267.7	269.5	272.4	277.8	284.1	288.1	295.4	306.2	318.4	326.3	326.2	319.6	311.8	305.4	304.2	301.2	298.4
1995	8	0	0	0	224	250.8	291.9	324.3	342.1	344.1	335.8	320	298.9	280.1	270.2	265.6	261.6	259	261.3	263.8	266.1	268.4	271.3	275.8	280.4	283.7	288	295.5	304.3	309.4	307.9	302	297.2	290.5	283.5	280.6	280.4
1995	9	125.7	133.5	154.2	184.1	229	290.6	341.2	354.3	352.4	343.2	330.9	311.8	291.6	277.1	268.9	264.2	261.8	262.8	263.3	265.3	266.8	268.9	272	274.7	278.2	282.7	289	295.8	299.7	298.9	294.2	289.1	285.8	281.3	277.5	274.7
1995	10	133.7	136.7	152.8	186.2	240.4	292	329.7	347.8	346.8	340.1	329.5	314	297.5	284.5	276	268.1	263.8	261.6	261.3	263.5	263.3	264	266.4	268.6	272.2	277.6	285.2	292.8	297.5	299.4	299.1	297.5	292.4	283.7	272.8	0
1995	11	169	202.6	221.9	247.3	272.4	302.9	324.8	331.3	328.1	318.5	307.5	295.2	285.5	276.7	269.7	262.7	256.7	252	250	251.5	252.5	253.3	257.5	263.7	273.7	287.2	299.8	308.3	312.3	311.8	316.6	316	297.9	0	0	0
1995	12	0	265	275.5	286.7	292.4	301.1	307.7	304.9	297	290.5	287.8	283.3	275	268.3	264.1	259.5	254	248.3	246.1	245.8	246.1	247.5	253.1	265.3	283.6	309	326.2	335.1	334.1	327.7	329.9	336	0	0	0	0
1996	1	258.6	275.1	279.8	283.6	288.8	295.5	299.5	295.5	286	276.3	273.6	272.2	267.7	263.5	260.7	257.8	253.5	248.8	246.1	245.4	247.4	250.4	258.9	273.4	296.9	326.1	349.4	365.4	367	362.8	362.5	365	398.6	0	0	0
1996	2	257.1	259.2	263	272.6	281.5	287.3	288.4	284.1	277.7	272.8	272.1	268.5	263.3	260.4	257.7	255.9	253.3	250.6	249.2	248.8	253	259.1	271.4	288.8	314.1	344.7	366.2	380.2	386	383.4	375.8	363.6	351.8	343.1	365	0
1996	3	251.2	255.8	264.2	273.4	280.7	284.6	285.6	279.6	272.6	268.6	266.7	263.2	258.7	255.5	253.9	252.9	251.7	250.5	252.1	253.8	259.8	268.3	279	292.5	314.9	342.6	366.6	384.9	394.4	394.4	388.8	380.3	370.8	358.8	357.2	365.7
1996	4	0	0	253	264.8	281.2	288.2	288.5	285.3	278	270.8	266.7	261.9	257.8	254.6	251	250	248.5	248.4	252.4	257.3	264.4	273.1	284.2	297	313.5	339.6	363.6	378.6	383.7	384.4	387.5	394.5	403.6	407.2	408.5	411.2
1996	5	0	0	0	0	302.3	302.1	299.2	296.9	289.2	282	274.5	267.3	260.3	256.2	252.2	249	247.7	247.9	252.7	261	268.7	276	285.4	297.1	310.8	331.4	351.6	364.6	372.3	375.9	375.7	376.2	376.8	378.2	377.9	378.5
1996	6	0	0	0	0	0	324.1	302.2	313.7	318.4	313.6	302.9	287.3	271.7	262.2	254	248	245.1	245.7	251.1	260.9	270.3	277.7	286.2	293.6	300.8	313.1	327.4	339.5	347.1	348.8	344.4	341.1	342.7	346.1	346.6	346.7
1996	7	0	0	0	0	0	299.2	311.8	329	334	331.3	321.2	300.6	281.1	269.6	259.6	252.9	249.5	250.2	256.4	266	273.4	277.4	281.5	285.9	289.1	298.2	308.4	320.6	328.6	329.7	322.3	315.1	313.5	315.8	320	323.3
1996	8	0	0	0	200.5	237.8	289.3	329.8	353.7	358	349.6	333.6	310	287.9	273.4	265.4	259	255.7	255.9	259.3	266.5	271.6	273.2	276	279.4	282.8	287.8	294.2	302.3	308	310.7	307.8	303	299	296.1	295.4	295.7
1996	9	130.4	137.3	162.6	196.1	236.1	286.1	332.7	358.5	363.8	356.5	339.6	318.6	298.7	284.1	272.1	264.5	260.9	259.4	259.7	264.2	268.5	270.5	272	273.4	277.4	285	295.2	302.9	303.3	301.1	296	291.1	288.9	283	273.7	270.3
1996	10	143.7	146.8	166.6	202.5	252	305.4	342.8	355.8	353	343.1	331	316.1	300.5	286.8	277.3	269.8	265.4	262.6	260.3	261.3	263	263.8	264.9	266.7	270.7	278.3	285.9	294.4	301.1	303.9	303.6	303.1	297.1	281.3	270.9	0
1996	11	190.5	196.5	215.7	240.1	269.1	300.3	324.3	335.5	335.2	326	315.3	303.8	293.6	282.1	273	265.9	261.7	258.1	254.5	252.2	251.1	251	253.3	255.9	262	274.5	290.5	303.2	311.4	316.7	325.8	330.8	335.9	0	0	0
1996	12	280.8	282	285.7	292.3	296.8	303.2	308.9	309.6	303.2	293.7	286.1	279	274.8	269.4	264.9	261.3	258.6	255.4	251.6	245.6	240	239.3	244	251.2	265.4	288.5	310.4	326.4	338.5	347.4	358.8	364.2	0	0	0	0
1997	1	281	282.6	285	289.3	295.8	303.6	306.2	300.4	289.2	277.7	270.5	264.1	260.2	259.7	257.7	256.7	257.5	257.1	254.3	246.6	240.2	238.4	243.6	257.7	282.8	317.4	346.5	363	369.8	373.2	378.8	386.6	390.4	0	0	0
1997	2	270.1	272	273.7	278.5	285.9	292	295.1	290.7	282.1	274.1	269.2	263.5	259.9	259.6	257.4	257.3	259.9	260.3	258.4	250.9	244.2	243.3	250.6	266.1	290	324.5	351.8	373.8	391.7	401	399.1	390.4	376.7	367.6	342.2	0
1997	3	252	258.6	273.9	284.5	290.5	291.5	288.4	280	272.1	267.5	264.5	261.8	258.8	256.9	256	257.4	261.2	263.4	263.1	256.2	251.5	253.6	263.1	280.7	302.7	326.7	350.3	374.6	393.6	400.9	394.4	375.4	346.5	317.3	291.8	278.2
1997	4	0	0	269.1	287.3	302.7	301.4	294	283.8	274.1	268	264.3	259.8	256	253.2	252.1	254.9	260.8	266.4	269.5	265.6	264.3	267	277.1	291.9	309.7	332.3	353.3	368.9	377.6	382.6	383.9	376.1	364.6	349.5	333.7	329.3
1997	5	0	0	0	0	326.9	310.6	294.8	288.2	283.2	277.2	269.6	260.2	252.1	247.7	245.9	248.7	255.7	262.3	266.8	266.8	267.2	270.7	279.3	291	303.6	320.5	337.2	351.4	363.3	372.6	378.9	384.2	386.6	390.5	391.6	391.9
1997	6	0	0	0	0	0	302	298.5	300.5	297.9	290.4	279.4	265.5	250.2	243.8	242.7	246.3	255.3	263.9	268	269.3	269.5	270.6	276.9	285.8	297.1	314.3	331.3	344.8	350.2	350	344.5	342.8	345.6	345.3	341.8	341.9
1997	7	0	0	0	0	0	297.3	303.4	305	303.5	297.7	287.8	272.1	258	250.2	248.1	250.9	258.3	267.4	272.8	275	276.1	276.9	279.8	284.8	289.9	299.6	311.7	325.9	333.7	333	324	316.8	313.3	311.7	308.2	307.8
1997	8	0	0	0	239.1	276	300.4	315.1	325.2	323.4	315.1	303.8	287	268.3	256.8	251.3	252.1	258.9	266.8	272	274.9	274.5	273.4	274.6	278.8	284.1	290.3	298.7	308.4	314.7	313.6	306.5	300.4	296.4	293.5	293.4	294.3
1997	9	160.1	147.7	168.8	205.8	248.6	290.8	322.6	335.5	334.4	328	317.6	301.1	283.4	271	264.2	262.3	264.8	268.8	271.4	273.2	271.2	269.7	271	274.5	279.6	285.1	292.2	300.1	304.5	303.6	296.5	292	291.6	290	285.4	282.8
1997	10	142.2	146.2	164.6	196.7	237.6	282.2	322.8	340.2	336.7	327.1	316	301.8	288.5	277.7	270	266.3	265.6	265.9	267	267.5	265.2	264.6	267.7	273.7	279.2	285.4	292.3	298	300.4	300.7	299.7	298.9	296.8	289.1	281.4	0
1997	11	219.7	223	236.6	258.9	281.7	301.6	316.4	321.1	318.2	311	301.5	289.6	279.8	269.7	265.2	262.7	259.5	255.7	253.4	253.2	253.1	254.4	258.4	266.4	277.7	289.6	300.2	308.6	313.6	314.6	320.9	317.8	307.5	0	0	0
1997	12	276.5	278.1	282.7	288.9	290.9	297.9	305.5	305.8	299.1	291.3	285.9	279.8	272.9	263.3	257.7	254.7	250.5	246.6	245.1	243.5	245.2	248.9	254.2	264.4	283	307.1	326.3	338.9	345.3	348.2	352.9	357.5	0	0	0	0
1998	1	266.4	267.8	271.9	276.4	284.9	295.9	301.8	298.4	289.5	281	277	271.9	263.9	256.6	250.4	247.9	245.6	242	240	236.9	239	246.2	256.9	271.9	295.3	327.4	358.2	379.7	387.9	389.7	397.1	412.7	424.2	0	0	0
1998	2	270.7	271.2	273.7	280.1	285.8	290.1	292.1	288.5	280.9	273.9	272.2	267.3	259.3	252.6	248.5	247.6	248.2	245.9	243.7	241.3	246.1	252.9	262.4	278.6	307.2	341.8	369.6	391.5	406.2	416.7	428.3	432.9	431.3	442.2	453.5	0
1998	3	279.4	277.5	282.3	287.6	287.9	286.9	285.9	281.4	274.4	270.9	269.1	265.4	258.2	251.5	247.8	247.5	248.2	246.9	247.3	247.4	253.4	261.1	273.1	293.3	322.9	357.3	382.6	401.3	415.4	424.8	430.7	434.8	434.6	428.7	426.9	428.6
1998	4	0	0	272.2	284.4	293.6	292.8	289.2	285.2	278.9	273.4	269.6	265.3	258.2	251.8	248	248.3	247.8	247.7	251.6	255.2	262.9	272.9	288.1	305.2	324	346.1	368.1	388.6	406.7	419.7	429.3	438.2	441.4	442.6	446.3	448.5
1998	5	0	0	0	0	311.2	301.2	300.6	303.9	301.5	292.8	281.2	269.1	260.7	254.2	250.3	248.9	248.4	249.2	254.3	261.6	269	277.9	292	307.6	324.1	342.5	358.9	372.2	385.1	397.1	401.5	401.9	403.5	411	416.2	418.8
1998	6	0	0	0	0	0	320.1	321.9	326.2	320.5	310.7	299.8	283.6	266.6	256.9	252.3	247.8	247	248.3	253.7	263.1	271.2	277.8	286	294.7	306	321.7	339.8	354.4	363.4	366.2	360.4	356.2	357.3	362.8	366.8	368.4
1998	7	0	0	0	0	0	309.4	324.4	329.2	328.8	323.6	313.7	299.3	282.8	269.7	261.7	256.6	255.7	257.7	263.1	271.1	277.3	281.9	286.6	291.3	296	304.7	317.4	332.3	342.8	345.3	338.8	330.9	327.9	331	338.2	342.2
1998	8	0	0	0	213	238.4	281	320	335.4	337.9	333.6	321.4	304.7	289	279.7	270.9	264.4	263.2	265.1	267.9	273.3	277.6	279.7	283	287.8	292.5	297.9	306.3	314.9	320.9	325.4	321.8	314.7	306.6	300.4	298.1	298.1
1998	9	126.9	129.5	149.3	175.2	210	264.7	317.3	341.4	347.7	345.1	334.9	318	302	290.5	279.4	272.7	272.3	273.2	272.7	274.4	276.3	277.7	279.2	280.6	284.8	289.9	296.8	305.1	309.9	312.9	310.7	309.1	308.6	303.8	296.9	294.5
1998	10	129.1	131.9	147.8	179.6	227	285	330.7	348.7	346.9	338.5	328.4	315.4	301.5	289.8	279.8	273.3	271.3	271.1	268.6	267.3	266.9	266.3	267.1	269.3	273.3	280.7	290.5	299.2	307.1	313.4	317.1	318.1	316.9	311.6	299.8	0
1998	11	169.2	174.2	192.2	221.9	260.5	300.8	327.4	334.1	328.7	320.4	311.9	301.6	293.1	283.4	275.5	270.5	268.8	267.1	262.9	257.4	252.5	250.3	252.6	256.8	263.5	276.6	296	318	333.3	337.7	342.6	343.3	331.7	0	0	0
1998	12	252.2	254.4	263.1	276.2	283.1	294.6	304.6	304.4	297	289.9	285.9	281.7	277.7	272.8	269.6	267.4	266.8	265.7	262.5	255.9	248.6	244.4	245	251.2	264.4	286.1	311.2	334.5	351.9	364.7	375.4	368.2	0	0	0	0
1999	1	263.4	266	273.7	281.5	289.2	297.3	299.7	292.9	283.3	276.2	272.9	268.5	265.7	265.5	264.9	264.2	265	264.7	262	254.2	246.5	243.7	247.3	256.2	274.1	301.8	329.5	354.9	374.4	389.6	410.2	426.3	432.6	0	0	0
1999	2	260.7	263	268.4	275.7	282.9	288.1	290.7	285	276.1	270.3	269.1	266.2	263.1	262.6	261.8	262.7	265.4	265.9	263.9	257	250	247	250.8	262	284.4	315.5	347.9	378.5	398.5	412.5	429.5	443.8	451.4	456.1	457.2	0
1999	3	265.1	266.7	270.6	277.3	281.3	283.8	286	281.7	273.7	267.6	265.4	262.3	257.8	255.1	254.3	256.4	260.5	262.6	263.6	257.8	253.8	254.1	259.7	270.3	291.4	322	358.8	397	424.2	437.2	445.1	455.5	464.7	467.5	464	461.8
1999	4	0	0	273.9	293.2	300.8	295.3	289.3	282.5	274.7	268.4	265.2	261.9	257.4	252.9	252	256.3	260.9	265.2	268.5	266.3	266.3	269.3	276.3	286.9	306.3	336.5	364.2	383	398.2	410.7	417.8	428	436	441.2	450.1	455.7
1999	5	0	0	0	0	313	313.2	304.2	298.5	288.6	277.2	270.4	263.9	257.6	253.5	250.9	253.6	261.5	267.7	271.9	273.5	274.8	277.9	286.6	297.6	310.6	330.2	351.7	368.4	377.2	382.3	385.1	389	393.7	397.6	397.4	397.7
1999	6	0	0	0	0	0	320.2	314.9	315.8	309.9	297.2	283.9	271.2	258.9	252.7	250.9	252.2	260	268.8	273.5	275.1	277	279.6	284.6	290.4	299.9	313.9	330.9	346.5	356.2	358.6	352.2	347.8	347.9	350.9	357.8	360.7
1999	7	0	0	0	0	0	310	320.1	320.8	316.9	312	302.1	287.2	272.4	262.6	257.2	256.9	263.8	272.9	277.6	279.2	280.3	281.4	284.9	290.3	295.9	303.9	312.7	324	333.3	336.2	331.7	326.6	323.1	317.9	311.4	309.5
1999	8	0	0	0	220.3	251.5	288.1	318.8	332.7	332.8	328.1	316.4	297.7	279.4	268.1	262.4	260.1	267.3	275.5	279.2	280.6	280.2	280.8	283.7	288.2	292.5	296.3	301.3	308.9	317.3	319.9	313.9	305.4	298.6	293.5	287.9	285
1999	9	132	128.7	150.2	179.3	216.1	273.3	325.9	344.6	342.9	335.8	325.6	310.7	294.6	282.4	273.4	268.3	272.6	277.7	278.6	279.7	279	278.8	280.5	282.1	284.8	288.6	294.4	302.1	307.6	307.8	302.9	297.2	294.1	287.3	276.5	269.8
1999	10	133.2	136.3	153.1	183.3	229.9	285.7	331.2	346.1	343.4	335.7	326.2	313	298.5	287.6	279.9	274.4	271.7	271.2	271.1	273.1	272	271.3	273.1	275.1	276.3	279.2	287	299.3	309.7	316	316	312.9	306.6	294.8	283.6	0
1999	11	173	177.7	193.4	221.2	262.2	302.7	327.1	333.1	328.5	320	311.5	301.9	291.8	282.1	274.8	270	266.2	262.8	261.4	262.3	261.8	261.8	266	270.4	277.1	287	298.2	308.2	318.3	325.3	330	328.5	324.6	0	0	0
1999	12	257.6	260.6	269.3	280.9	286.9	295.4	303.6	304.2	297.8	290.9	286.2	281.5	276.6	269.8	265.9	263.5	260.4	256.2	254.8	255.1	256	257.7	260.6	267.3	280.7	300.9	321.8	338.2	350.6	358	364.3	363.6	0	0	0	0
2000	1	270.4	271	273.9	281.6	289.3	294.5	295.6	289.9	282.3	277.1	275.6	272.2	268.6	266	264.3	263.4	261.9	258.1	255.8	255	258	261	264.6	275.9	297.2	325.1	348.1	363.7	370.4	373.8	383.2	396.5	398.5	0	0	0
2000	2	270.2	270.1	270.8	274.8	281.5	289	291.6	285.6	276.7	270.2	268.6	265.4	261.7	260.6	259.5	259.9	260.7	259	257.2	256.8	261.8	266.2	272.3	281.6	301.4	335	364.2	383.3	393	398.2	397.2	391	379.2	364.2	361.1	0
2000	3	249.3	254	266.9	278.8	285	288	288.3	281.1	270.1	263.8	261.7	259.8	257.8	256.7	256.7	257.8	259.1	258.4	259.1	259.2	263.8	269.3	277.2	289.7	312.1	342.7	367.2	383.1	392.8	398	398	395.7	393	385.6	377.9	377.6
2000	4	0	0	283.5	289.5	298.7	298.1	290.6	281.6	272.4	266.9	264.7	265.2	262.9	259.3	257.8	258.8	258.8	259.9	263.7	266.1	272.4	278.7	288.7	300	314.3	335.3	357.1	371.4	380.8	388.7	393.5	398.7	402.8	408.4	410.8	411.2
2000	5	0	0	0	0	318.5	310.2	292.7	286.2	283.3	279.6	275	270.1	263.9	260.6	260.3	258.6	258.2	259.1	263.3	270.5	276.7	281.2	289.5	299.5	308.8	325.4	345	359.7	373.9	379.4	378.8	379.4	381.5	385.1	381.6	379.9
2000	6	0	0	0	0	0	281.3	296.8	301.4	304.3	301.6	294.2	281.1	268.3	264.4	262.5	257.6	255.2	257.8	262.3	270.4	275.4	278.9	284.9	290.5	295.5	306.6	321.1	336.8	348.4	353.1	349.6	347.4	347.2	348.7	347.6	347.3
2000	7	0	0	0	0	0	292.8	304.6	316.2	319.8	322.9	317.1	303	286.7	277.4	271.7	264.7	259	260.8	266.4	273.9	278.7	281.5	287.3	292.8	295.9	301.7	310.6	321.7	329.4	327	316.8	311.7	311.5	316	318.6	319.1
2000	8	0	0	0	205.2	231.7	267.5	300.7	321.5	331.5	335.6	329.6	312.5	293.8	281.1	273.3	267.6	263.5	263.9	266.8	272.8	277.9	280.2	283.9	288.3	291.6	295.6	300.6	306.3	311.1	313	307.3	299.3	292.5	287.4	285.3	285.6
2000	9	125.6	121.9	141	169.1	206.5	263.8	319.4	348.9	354.6	347.7	333.2	316.5	299.7	288.2	281.9	273	266.2	263.9	263.9	268.6	273.1	275.2	278.2	279.9	282	285.4	291.5	297.7	301.7	302.3	298.4	292.6	287.6	279.9	272.4	267.9
2000	10	184.1	185.4	209.2	242.3	277.7	310.8	335.9	347.2	346.3	338.9	327.9	314	300.1	288.9	281.4	270.6	260.6	254.3	252.5	257.4	261.9	264.2	267.2	268	269	273.5	284.7	297.2	305.8	310.3	309.5	306	298.8	286.9	280.3	0
2000	11	289	291.5	299.3	302.7	307	318.6	328.8	333.2	328.9	318	306.2	295.5	287.5	280	273.4	264.6	255.5	247.2	243.8	247.3	251.6	253.1	255.6	256.6	261.6	274.4	293.8	313.1	324.8	327.2	334.1	334.9	327.5	0	0	0
2000	12	302.4	301.4	301.5	304	305	310.5	315.7	313.8	303.7	290.8	282.4	276.6	271.1	265.7	264.6	260.2	253	244.4	240.9	243	245.6	247.8	253.3	259.2	270.1	295.3	325.8	349.6	363.6	370.9	376.4	379.7	0	0	0	0
2001	1	279.2	279.9	281	284.8	291.7	300.4	306.1	302.6	293.7	284	278	272.6	267.2	262.9	261.8	259.5	254.4	246.1	242	243.1	246.8	252	259.3	268.3	285.8	314	344.5	365.4	376.3	385.4	396	388.9	0	0	0	0
2001	2	234.6	240.9	256	272.4	280.5	286.8	291	286	275.5	267.4	265.3	260.8	255.1	252.7	249.5	248.4	245.2	240	238.1	240	246.2	252	260	271.9	294.8	327.7	358.5	384.3	401.8	412.9	426.6	445.8	459.4	463.2	472.9	0
2001	3	268.3	262.8	264.1	275	282.5	287.9	290.3	285.1	275.6	267.9	265.7	262.8	258.7	257.1	255.4	253.1	250.7	246.9	248.1	252.3	260	267.5	277.4	289.9	309.8	338.8	367.5	391.8	410.8	423	431.5	439.3	450.1	460.7	466.5	467.9
2001	4	0	0	263.7	279.9	293.8	296.1	292.9	287.1	279.5	271.5	266.2	264.2	262.5	259.9	257	254.8	251.2	248.5	253.4	261.1	271.2	280.5	290.8	304.8	320.2	339.4	362.4	384.3	398.8	407.9	415.3	424.2	433.3	437.3	435.8	433.3
2001	5	0	0	0	0	316.5	305.9	306.3	302	294	284.4	276.8	269.7	264.7	260.9	255.7	251.5	248.3	247.1	253	263.5	273.6	282.4	293.2	305.1	317.8	335.4	354.6	368.8	376.4	380.4	384.1	390.6	396.8	404.3	405.5	406.1
2001	6	0	0	0	0	0	336	319.1	322.9	321.5	311.4	299.3	283.9	268	261.1	256	250.7	248.6	250.4	257.2	267.3	276.3	282.9	289.6	296	303.2	316.9	334.5	350.4	358.8	359	351.6	347.4	348.2	353.9	360.8	364.6
2001	7	0	0	0	0	0	309.2	320.7	327.4	331.2	327.9	318.1	299.5	282	268.9	257.9	252.2	251.2	255	261.4	270.4	277.8	283	288.2	293.3	296.1	304.2	315.3	327.6	334.9	335.9	328.2	320.5	316.9	317.5	317.2	316.5
2001	8	0	0	0	215.9	247.2	282.2	312.4	331	335.4	331.4	323	308	291.4	277.5	265.9	258.1	257.4	262.3	266.3	272.2	277.3	280.8	284.5	289.3	292.7	296.8	303.3	310.8	316.4	317.2	310.4	303.1	296.9	294.9	295.4	296
2001	9	131.6	128.7	144.9	171.2	203.4	261.2	319.3	343.6	346	341.9	333.8	321.1	303.3	287.4	275.6	269.4	269.2	272.1	271.9	273.9	275.7	276.6	277.6	278.8	281.6	286.7	293.2	300.7	307.1	308.1	304	301	297	289.9	281.9	279.6
2001	10	143.9	146.3	163.9	194.8	238.8	284.6	326	343.2	345.8	340.2	331.7	320.1	306.5	292.9	279.8	272	270.8	271.4	269.6	268.5	267.3	266.4	267.3	269.2	273	280.8	289.3	298.3	308.2	314	312.4	306.3	299.3	287.3	274	0
2001	11	177.1	182	198.7	227.4	264	300.5	327.1	335.4	332.2	325.2	317.1	307.2	297.6	286.6	277.1	273.2	271.2	269.7	266	261.4	256.9	254.4	255.1	258.3	268.4	283	295	303.5	310.2	315.1	323.4	325.7	313.8	0	0	0
2001	12	247	250.3	260.4	276.5	285.3	296.4	305.2	305	299.8	295.3	293.5	289	282.9	276.8	272.9	270.2	269.3	267.7	264	256.3	248.1	243.5	244.9	252.1	268.3	295.1	319	333.1	341.6	345.5	350.9	347.3	0	0	0	0
2002	1	271.4	272.5	276.2	282.1	288.2	293.7	295.3	291.1	285.9	280.8	278.7	275	270.2	267.6	266.2	265.4	266.5	265.5	261.8	253.1	245.3	241.8	244.5	254.6	273.1	301.3	328.5	348.8	363.4	377.1	396	407.5	397.6	0	0	0
2002	2	266.2	266.3	268.8	275.8	281.8	285.4	286.1	283.9	280.1	276.1	274.9	270	265	263.7	263.4	264.1	267.2	267.6	264.8	257.4	251.1	248.5	251	260.9	277.9	304.4	332.8	357.5	379.4	395.8	411.7	430.3	442.6	445.6	427.9	0
2002	3	258.1	263	263.5	271.7	280.6	285.9	288.5	284.5	277.3	271.8	268.6	263.9	259.9	258.6	257.4	259	262.5	265.2	265.8	258.8	254.1	253.8	260.6	275.5	296	322.7	350.4	375	396.4	408.3	414.6	419.7	426.7	436.8	437.1	436.9
2002	4	0	0	262.9	279.7	295.5	296.8	291.2	284.3	277	273	270.8	265	259	254.4	253.1	256.5	260.8	264.5	267.5	264.2	261.9	265.7	276	291.3	308.9	329.3	349.9	371	388.8	397.8	403.8	412.2	421	426.1	432	434.6
2002	5	0	0	0	0	309	305.5	306.2	305.4	298.9	289	277.8	265.6	254.2	248.2	247.4	250.3	256.5	262.1	266.2	267.8	268.9	273.3	281.6	293.7	308	329	350.1	365.2	374.8	376.9	376.5	376.6	381.7	390.4	391.3	390.8
2002	6	0	0	0	0	0	325.7	315.1	316.9	314.8	307.1	293.7	274.8	259	253.3	251.3	249.2	254.3	261.3	266.9	270.9	273.3	276.1	283	291.4	299	315.3	334.1	347.8	354.1	353.6	346.8	341	342.6	348.6	355.8	359.3
2002	7	0	0	0	0	0	327	332.7	337.9	335.6	325.6	308	285.2	267.5	259.4	255.3	251.1	253.6	261.4	267.6	271.7	272.7	274.2	280	286	290.3	301.6	312.9	322	328.2	330.1	324.2	318.3	316.5	318.2	321	322.6
2002	8	0	0	0	253.6	298.8	323.7	339.8	349.7	348.2	337.2	319.6	296.5	278.1	266.9	260	255.5	258.3	265	269.7	273.2	273.2	273.6	277.3	282.8	287.9	294.3	302.4	311.1	316.7	315.7	307	299.3	291.9	285.7	283	281.7
2002	9	366.5	349	278.3	271.2	302.1	327.5	346.3	354.6	353.7	341.3	326.1	309	291.2	277.5	268.6	260.2	262.3	267	268.6	270.3	269.5	269.1	271	274.4	280.6	287.4	293.5	299.8	303.8	302.6	296.7	290.1	284.9	277.9	272.8	269
2002	10	223.8	235.9	260	290.5	324	347	363	366.1	357.7	343.2	325.3	306.9	291.3	279.8	269.9	262.7	261.5	261.4	261.1	263.6	262.9	262.6	265.5	269.4	273.7	280.4	290.5	302.5	310.4	309.1	301.8	292.5	279.1	259.8	250.5	0
2002	11	345	343.6	340.2	333.8	331.2	333.9	338.2	337.6	329.8	318.5	306.8	296.5	288.8	278.6	268.8	263.6	260.2	256.6	255.5	257.7	257.9	257.7	259.3	263.7	273.9	290.8	308.3	323.1	328.2	325	320.8	306.9	289.7	0	0	0
2002	12	307.5	306.8	306.7	309	312.9	318.4	321.3	317.8	309.7	299.8	293.8	286	277.5	269.1	263.4	258.8	254.5	250.3	248.9	248.8	249	249	252.4	263.5	284	313	338.4	354.8	359.7	356.6	354	343.7	0	0	0	0
2003	1	275.1	275.8	277.3	282.5	291.9	302.2	310.2	308.5	299.2	288.3	280.6	273.1	266.5	261.1	256.5	254	251.8	247.8	246	244.1	244.3	247.2	256	270.1	295	331.4	361.8	379.4	385.5	387.5	395.2	411.4	421.3	0	0	0
2003	2	249.7	251.7	260.6	276	289.9	298.8	301.4	295.4	286.2	279.1	276	270.4	263.8	258.7	254.8	252.9	251.8	248.1	245.9	243.7	247.6	254.5	264.9	283.5	312.6	351.9	383.1	400.1	407.6	409.1	408.9	409.1	412.4	408	448.1	0
2003	3	239.9	253.2	266.3	278.4	284.5	288.4	290.6	286.4	277.1	271	269.2	265.6	259.9	255.1	252	251.3	250.5	248.2	249	250	256.2	265.5	275.8	291.1	317.8	352.3	380.8	401.3	414.4	418.5	417.8	416.4	417.6	422.7	426.2	419.1
2003	4	0	0	262.4	278.4	291.5	293.6	291.4	289.1	284.2	276.4	268	262.9	259.6	255.9	252.9	251.5	250	249.2	252.8	257.7	266	276.7	289.4	304	319.8	340.5	363.8	385.2	402.9	414.6	421	424.9	426.3	423.4	421.7	419.4
2003	5	0	0	0	0	317.5	309.1	301.1	299.3	291.6	281.5	273.7	267.7	264.3	260.3	255.8	252.6	249.8	249.5	254.9	264.2	273	281.8	292.8	303.7	315.3	333.3	350.4	367.4	381.3	390.1	392.7	397.5	398.9	400.4	400.8	402
2003	6	0	0	0	0	0	0	293.5	303.5	307.4	303.8	296.6	281.8	273.4	267.4	261.2	256.6	253.2	253.4	258.8	267.4	276.1	284	291.8	296.5	305.2	318.2	335.3	349.2	360.4	365.3	360	358.7	357	359.3	364	364.9
2003	7	0	0	0	0	0	280.9	298.1	313.8	321.7	321.5	312.8	296.4	280.9	272.7	264.9	257.7	254	254.4	259.4	268.4	276.9	282.7	287.2	290.3	294.9	303.8	317.3	332	341.4	340.4	331.3	327.4	325.7	327.1	323.6	319.9
2003	8	0	0	0	196.1	225.1	270.4	303.5	324.1	334.1	336.2	325.7	308.4	289.6	276.4	266.2	259.1	256.5	258.2	261.8	269.3	275.8	279.1	282.9	286	289.7	296.7	306	317.8	322.9	321.4	312.7	305.5	298.5	296.1	298.3	299.7
2003	9	134.1	132.1	149.2	169.7	206.3	260.2	315.7	347.6	353.2	348.2	337	318.5	301.4	285.5	274.5	266.5	264	264.7	265.9	270.3	273.9	276	277.5	279.1	283.5	289.8	297.9	307.2	310	306.5	303.8	303.8	301.6	294.7	293.7	296.3
2003	10	157.7	163.5	186.6	217.7	264.2	307.1	338.8	355.5	353.6	343.5	331.2	316.9	299.7	285.7	271.3	263.7	259.8	257.9	256.8	258.6	261.2	263.4	266.2	269.1	272.8	280.3	291.2	300.3	304.8	307.4	309.1	311.4	313.1	308	310.8	0
2003	11	235.9	241.5	256.4	274.9	300.1	324.8	337.7	338.6	330.9	321.2	311.4	302.5	292.6	280.1	268.1	260.9	256.4	253.6	250.4	248.6	247.5	249.4	253.4	258	265.6	281.7	300.3	314.9	329	335.3	339.2	331.3	332.5	0	0	0
2003	12	294.3	293.7	295.6	302.4	305.6	315.1	321.9	319.9	311.4	301.2	292.9	285.7	280.3	274.8	269.6	265	261.1	258.7	255.2	250.4	247.1	247.8	251.9	258.1	275.9	297	319.5	335.7	344.4	352.2	359.7	362.4	0	0	0	0
2004	1	270.9	272.5	277	282.6	291.2	301	303	296.2	287.4	279.9	275.7	269.1	262.1	259.8	258.1	254.1	252.8	251.4	248.2	242.7	237.9	237.9	246.3	258.6	277	307.3	339.1	362.7	374.5	384.1	398.8	415.5	433.5	0	0	0
2004	2	263.4	265.3	271.6	277.8	284.5	292.5	297.1	293.2	284.5	275.3	270.8	265.2	260.3	257.8	257.2	256.7	257.6	257.7	254.7	247.9	244	242.9	247.6	258.8	286.6	325.5	360.9	384.2	398.9	408.9	419	433.6	439.3	435.5	443.3	0
2004	3	255	262.5	274.7	284.8	292.4	295.8	294.8	286.2	275.7	269.3	266.4	261.7	257.3	254.7	254	254.9	258.3	260.4	260.1	253.9	251.9	254.2	261.8	275.3	296.2	326.4	355.9	385.2	405.7	421.4	434.2	440.3	440.8	431.4	422.1	408.9
2004	4	0	0	274.2	279	299.7	309.2	304.3	295.5	280.7	268.3	259.3	257.4	254.5	250.6	249.6	253.6	259.1	263.6	265	262.4	263.1	265.5	275.5	291.1	309.6	333	356.5	379.8	399.8	413.1	420.5	423.1	422.1	416.2	409.7	408.1
2004	5	0	0	0	0	326.6	306.9	305.6	299.9	290.8	278.5	268	259.8	252.2	248.1	247.3	250.5	257.8	264.1	267.9	269.8	272.1	275.6	284.5	297.1	312.8	330.5	349.6	363.6	376.3	382.7	382.8	384.1	393.9	401.3	397.2	392.3
2004	6	0	0	0	0	0	0	301.2	305.7	303.1	294	279.2	265.1	253.9	249.1	248	249.8	257.6	266.8	271.9	275.7	279.8	282	288.8	295.7	303.3	315.8	333.2	348.6	356	357.6	347.3	349.8	349.3	351.3	348.8	346.7
2004	7	0	0	0	0	0	312.7	310.5	314.7	312.3	304.4	291.9	275.6	261.3	252.9	250.6	253.4	262.1	271.8	277.5	280.9	282.7	283.2	287.7	291.9	297.8	304.7	314.8	326.2	334	336.4	329.7	324.5	321.2	319.9	319	319.3
2004	8	0	0	0	246.7	273.8	308.9	328.6	330.9	329.9	322.8	307.8	290.1	271.9	258.2	253.5	256.9	264.7	272.7	277.8	281.7	281.9	280.6	281.6	284.6	291.1	298.5	308.7	318.1	323	320.2	314.2	305.6	296.8	293.9	295.8	296.8
2004	9	152.4	162.2	187.7	214.2	251.6	301	333.4	341.1	337.7	330	320.3	302.9	284.9	271.8	264.9	263.8	269.9	274.6	276.6	277.8	277.1	276.4	277	279.1	283.2	288.4	296.4	302.7	308.2	311.6	306.3	299.7	289.3	276.3	272.2	270.3
2004	10	199	207.2	229.4	251.2	282.3	313.1	338.6	347.2	340.6	328.6	315.8	301.5	287.5	275.5	267.5	263	264.3	265.4	265.5	267.5	267	266.5	268.6	272.1	277.1	281.5	284.8	292.8	302.2	308.7	311.8	310.6	301.1	279.9	269.7	0
2004	11	240.6	243.5	255.2	273.5	288.2	313.1	327	329.6	323.7	313.1	303.9	295.2	284.9	274.6	267.1	264.5	261.1	258.6	257.9	258.9	259.3	260.8	263.7	267.8	273.3	281.4	294.1	305.9	316.7	325.6	334.9	340.4	336.6	0	0	0
2004	12	303.4	304.3	303.5	303.5	300.6	307.4	311.9	310.4	301.3	291.7	285	280.1	274.9	269.1	264.5	262.6	258	253.6	251.8	252.4	253.6	256.6	261.7	270	284.8	301.2	318.2	332.9	344.5	354.8	361.7	333.7	0	0	0	0
2005	1	268.7	271.4	275.7	282	291.6	300.9	307.2	302.5	292.8	282.1	274.9	269.2	263.3	260.7	257.9	256.9	255.1	252	249.9	249.5	252.9	257.7	265.3	280.3	301.8	330.1	348	359	361.7	366.7	376.6	366.3	0	0	0	0
2005	2	247.9	259.3	274.2	283.8	292	295.8	294	285.2	276.1	270.3	269.2	266.1	261.4	257.8	255	254.7	254	251.2	249.9	250.7	255.8	261.5	267.4	284.6	311.8	339.8	363.6	380.5	387.8	386.9	385.9	387.1	383	404.7	0	0
2005	3	237	253	271.7	283.6	288.5	289.3	286.5	280.1	273.4	269.8	268	263.8	258.1	254	251.1	251.4	252.2	251.6	252.4	253.5	259.1	266.3	274.5	289.2	316.4	347.3	376.1	390.9	396.2	400	403.3	410.2	419.6	426.2	449.8	466
2005	4	0	0	253.4	277.2	293.6	295.2	292.6	287.8	279.5	272.4	267.8	263.1	258.4	254.3	251.6	251.2	250.2	250.2	253.4	257	263.5	272.8	285.1	299.4	319.7	343.5	363.7	378	387.7	397.7	408.6	418.2	428.8	437.7	450.4	458.8
2005	5	0	0	0	0	297.6	296.3	296.6	297.8	295.6	287.3	279.9	269.4	262	259.3	253.4	249.9	248.9	249.4	253.6	260.3	269	278.5	290.5	302.7	316.4	336.2	355.6	367.2	372.6	376.6	377.6	379.8	385.8	388.4	389.3	389.6
2005	6	0	0	0	0	0	0	295.4	311	316.4	313.9	302	285.8	271.2	261	255.7	250.1	249	250.4	254.9	262	268.9	275.5	283.3	292.2	303.2	317.7	332.1	344.6	352.5	357.1	350.8	351	348.4	347.2	346.1	347.3
2005	7	0	0	0	0	0	283.9	303.5	326.8	335.9	331.7	318.1	293.6	277.1	267.1	261	255.2	252.8	254.1	258.7	266.2	271.8	276.3	282	286.8	292.4	299.7	310.4	323.2	332.7	335.7	327.1	322.2	316.5	312.8	310.4	309.3
2005	8	0	0	0	200.5	227.8	280.5	326.2	349.5	354.2	347	330.3	307.3	287.1	271.5	263.6	259.8	256.2	257	260.6	267.6	272	274	277.8	282.6	288.2	294	301.1	309.5	315.2	317.6	312.7	304.2	293	284.3	278.9	276
2005	9	123.6	132.4	156.3	191.1	234.1	279	327.5	353.7	356.7	350	335.9	319.8	300.4	285.2	274	264.7	260.4	259	260.4	266.5	270.6	271.7	273.6	275.9	279.6	285	293.2	301.3	304.8	303.9	299	295.3	289.1	277.6	271.8	271.6
2005	10	157.1	166.7	193.7	225.3	265.6	304.3	337.7	354.6	356.6	347.3	332.7	316.1	300.9	287.9	275.9	267.4	261.7	257.2	254.9	257.7	261.2	263.5	264.8	266	268.6	274.1	282.2	293.4	303.6	308.3	309.1	308.2	302.8	279.9	261.8	0
2005	11	266.9	273.3	285.6	294.9	301.5	318.4	333.1	337.8	332.1	320.2	308.1	298.1	289.5	281.4	271	262	255.8	251.1	247.8	247.9	248.6	250	254	258.3	263.3	278.6	294.8	308.5	318.7	324.7	331.7	340.1	339.4	0	0	0
2005	12	271.2	277	285	295	295.6	304.8	315.4	317.6	311.3	301.5	291.9	283.4	276.1	270.1	265.2	260.1	256	252.4	248.9	245.5	242.2	242.4	248.9	257.2	273.6	299.6	324.9	337.8	342.9	342.5	345.4	344.1	0	0	0	0
2006	1	273.6	274.2	276.9	281.5	289.4	300	307.2	304.5	292	281.1	271.7	266.4	261.5	259.9	258.3	255.1	252.2	249.5	246.7	242.3	239	239.6	245.5	257.8	279.4	307.9	335.8	356.2	371.2	379.3	393.8	431.6	0	0	0	0
2006	2	270.9	273.7	277.3	278.3	283.7	291.5	295.7	292.4	282.5	273.4	267.9	261.7	257.4	255.4	253.1	252.2	251.7	250.7	248.9	244.4	241.2	242.8	249.3	260.8	278.9	311.4	347.2	384.6	404.6	418.1	432.2	447.4	452.1	460.5	0	0
2006	3	258.2	273.9	286.4	294.1	296	293.5	288.7	282.1	274.1	267.8	264	260.6	255.8	252.7	251.5	253.4	256	257.8	258.3	254.9	253.3	257.8	266.8	279.6	300.8	334.2	366.3	385.5	398.3	411.5	423.8	433.3	444.2	449.5	448.2	438.1
2006	4	0	0	282.8	291.8	296.7	296.9	292.7	286.7	278.3	267.7	263.6	259.5	254.6	249.8	247.6	250.7	256.2	262.1	265.7	264.4	265.7	270.8	281.5	295.3	315.7	336.5	356.5	376.2	393.2	406.3	419.7	430.2	435.3	432.8	430.4	427.8
2006	5	0	0	0	0	311.4	300.9	292.1	289	282.9	274	268.5	262.4	254.2	247.9	245.1	248.1	256.3	264.6	268.1	269.2	272	277.4	288.3	300	313	327.2	346.8	366.8	382	390.6	393.2	395.7	400.9	401.7	400.1	398.5
2006	6	0	0	0	0	0	0	286.5	293.7	294.2	288.4	278.7	265.6	254.6	248.9	246.6	248.6	258.2	268	271.8	273.1	275.9	280.5	286.9	296.5	306.3	319.8	335.4	347.5	353.1	355.5	350.7	355.7	360.7	364.3	364.9	366
2006	7	0	0	0	0	0	271.3	282.1	297	302.8	299	287.2	272.2	257.9	251.6	249.1	250.7	259.4	269.9	274.9	277.4	279.3	282.5	287.2	291.1	296.6	303.8	313.3	327.7	338	339.5	332.2	327	322.5	319.3	317.1	315.6
2006	8	0	0	0	199.3	232.3	272.3	301.9	319.3	320.6	314.2	303	285	269.4	259.4	253.1	252.8	261.2	272.8	277.6	279.3	279.4	279.3	282	285.8	292.3	297.1	303.7	313.6	323.1	325.1	318.4	307.5	296.6	291.7	294.2	297.6
2006	9	115.4	126.7	145.2	167.1	199.1	249.1	300.2	330	328.8	323.9	313.1	298.3	281.3	269.8	262.2	260	265.6	272.9	276.4	278.2	276.2	275.7	277.5	280.5	286.1	291.5	298.7	306.9	308	308.6	305.1	300.3	294.7	285	284.3	283.7
2006	10	132.7	140	159.7	188.5	231.1	274.4	312.1	334.1	333.2	325	312.8	297.9	284.8	272.8	264.6	261.1	261.6	263.7	266	268.7	267.4	267	269.1	272.8	278.3	285.4	291.6	299.8	306.9	312.7	315.9	315.7	311.3	290.6	283.9	0
2006	11	166.7	173.6	191.9	222.2	252.1	287.9	313	323.5	319.7	310.9	301.6	291.4	280.4	271	264.1	261.7	259.6	258.3	257.5	258.1	258.3	259.1	262.6	269.7	282.1	294.6	303.4	310.9	318.1	321.6	326	332.3	351	0	0	0
2006	12	276.9	278.2	281.7	289.1	284.8	291.5	298.7	298.2	292.9	285.7	278.9	274.6	269.7	262.6	255.9	253.4	251.2	248	246.4	247.3	248.2	250.6	256.1	264.6	280.1	302.2	322.1	339.5	351.3	355.2	355.9	334.8	0	0	0	0
2007	1	268.5	270.3	272.1	276.8	282.9	292	296.1	291.8	282.2	272.4	268.2	265.3	259.8	255.3	251.1	249.2	247.7	243.6	242	241.9	244.9	250	256.3	266	287.4	316.2	346.4	366.4	380.1	393.6	402.1	396	0	0	0	0
2007	2	271.1	272.7	276	277.8	282	285.9	285.8	280.1	273.4	267.2	265.2	261.4	256.2	252.2	249.1	248.9	249.1	246	244.5	243.6	246.7	252.8	263.2	277.5	299.9	331.3	363.2	387.2	403.9	412	413	413.5	420.1	453.8	0	0
2007	3	256.5	259.6	265.5	272.4	279.3	284.9	285.8	279.6	271.7	265.3	264.2	261.2	256.4	253.5	252	251.7	252	250.4	250.1	250.4	255.6	263.4	275.7	290.7	313	344.1	375.4	395.9	407.5	417.3	419.5	419.1	413	396.3	385.3	377.7
2007	4	0	0	251.2	264.4	280.9	286.3	284.7	283.3	277.8	272.7	268.4	263.6	258	255.1	252.6	252.4	252.4	253	255.9	259.8	266.3	273.8	285.8	301.7	321	344.7	369.5	384.4	391.5	393.8	394.4	397.7	403.5	406.6	409.2	407.9
2007	5	0	0	0	0	271.8	288.5	295.6	299	293.8	282.1	275.3	266.3	261	259.9	256.5	251.9	251	251.5	255.5	263.1	269.8	275.5	287.7	302.6	317.1	329	343.2	355.5	368.2	378.9	385.2	388.6	393	392.7	391.2	391.4
2007	6	0	0	0	0	0	0	280.8	299.3	309.2	309.7	303.2	289.1	273.8	264.5	256.8	250.6	248.8	249.8	254.4	262.4	269.9	276.3	284	292	303.4	316.9	332.3	343.4	352.1	354.3	350.4	349.9	345	345	346.7	346.1
2007	7	0	0	0	0	0	289.8	310.1	333.2	341.8	334.9	319.9	301.4	280.1	269.2	258.9	251.4	249.7	251.4	256.1	263.6	269.8	275.2	280.7	285.6	291.7	300.2	311.9	324.7	335.6	336.1	327.9	321.6	316.7	313.4	312.4	312.3
2007	8	0	0	0	208.9	243.4	294.4	336.7	352.7	350.4	343.8	327.6	309.5	292.1	278.1	265.3	258.3	255.9	256.8	260.1	266.8	272.5	276	280.3	284.2	288.4	293.2	300.9	310.1	317.4	317.9	313.2	306.7	299	292.4	287.2	284.8
2007	9	133.4	149.6	175.6	198.8	243.2	295.6	338.7	360.6	357.1	347.7	334.7	316.6	298.3	284	270.4	264.3	260.3	258.9	260.4	266	271	274.1	277.2	280.1	283	286.6	290.4	297.3	303.2	308.5	309.7	307.7	299.7	281.5	273.6	269.3
2007	10	167.5	177.8	207.7	241	281.1	317	347.3	360.9	357.5	347.1	334.6	319.3	302.4	287.8	275.5	266.2	260.8	256.9	255.4	258.8	263	264.5	266	267.4	269.1	274.7	284.9	293.8	303.2	307.2	309	310.8	310.1	296.5	288	0
2007	11	191.7	200.7	217.9	246.1	278.7	318.6	346.5	348.9	340.3	325.6	315.5	307.1	296.4	283.9	274.6	267.4	261.5	256.6	253.2	253.1	254.4	255.7	257	259.3	263.9	275	290.8	306.6	318.1	324.7	333.1	339.7	345.2	0	0	0
2007	12	250.9	257.4	271.4	287.9	298.4	310.5	316.3	311.2	299.9	291.3	287.7	283.7	276.6	271	266.7	263.4	260.1	256.1	251.8	247.1	242.8	242.4	249.3	258.2	272.8	295.4	320.7	342.2	350.5	353.3	354.8	387.1	0	0	0	0
2008	1	289	288.6	287.6	289.7	293.9	300.7	302.2	296	284.7	275.4	271.1	268.1	264.2	262.4	260.7	259.5	257.7	255.4	252.1	247.2	242.6	242.3	252.3	266.8	285.3	310.1	334.2	356.9	370.1	375.5	382.1	391.2	0	0	0	0
2008	2	277.7	279.9	284.8	286.6	290.1	292.3	290.3	282	274.3	269	267.4	263.9	259	257.2	256.6	257.3	258.7	258.7	257.1	252.1	247.7	246.6	255.5	269.6	290.2	320.9	345.7	364.2	378.7	393.1	405.2	414.8	417.3	443.8	464.7	0
2008	3	261.3	276	282.6	286.4	289.6	288.4	285.4	277.7	269.2	263.7	265.4	263.9	259.7	256.8	255.7	257.2	260	262.7	264.3	259.8	255.4	255.4	263.4	277.9	298.2	323	348.6	368.9	383.8	396	404.5	416	430.4	434.9	453.2	460
2008	4	0	0	262.2	274.7	290.2	293.7	292.4	290.4	282.8	273.9	265.9	260.5	259.1	256.7	255.2	256.5	261	266.4	270	267.8	265.5	266.3	273.6	287.9	305.5	327.7	348.4	365.3	377.8	390.9	403.4	410.3	409.8	406.8	404.9	402.4
2008	5	0	0	0	0	293.4	297.3	298.9	299.3	295.2	286.1	275	263.2	255.8	250.7	249.5	253.7	262.3	270	272.9	272.1	272	272.7	278.3	288.5	302.4	322.5	343.7	360.6	367.2	371.3	369.6	367.7	372.8	378.7	380.7	380.8
2008	6	0	0	0	0	0	0	285.5	296.9	300.8	296.4	287.2	273	259	249.5	249.1	252	262.2	271.9	274.7	275.4	276.6	278	283.2	289.7	298.4	310.7	324.9	338.3	347.6	348.7	341.7	343.7	343.4	345.5	346.9	346.4
2008	7	0	0	0	0	0	276	289	303.6	311.1	305.9	296.5	277.9	264.9	255.6	254	255.4	263.5	273.6	277.3	278.8	279.9	279.8	283	287	292.2	298.4	308.4	320.9	329.4	329.3	320.9	317.2	314.7	315.4	316.5	316.2
2008	8	0	0	0	204.9	234.2	272.9	296.2	312.2	320.5	321.9	314.9	296.8	279.4	265.7	258.6	257.6	265.7	276	279.6	280.2	280.1	279.6	281.2	284.2	289.2	294.2	300.4	308.8	313.8	313.2	309.5	303.6	295.6	293.5	295.2	297
2008	9	123.8	136.6	155.5	176.2	209.7	260.6	307.9	329.7	333.5	330.8	321.2	306.6	290	277.6	269.1	264.4	268.4	275	277.2	278.2	276.7	275.6	276.7	279	282.8	288	294.7	299.2	303.4	305.2	302.1	296	289.6	279.3	278.6	277.8
2008	10	147.2	153.2	171.9	198.1	246.8	291.6	326	341.9	341.2	331.5	319.6	304	287.6	276.7	271.1	267.6	266.9	268.1	267.9	268.6	266.9	266.2	268.5	272.2	276.5	281.5	287.3	294	301.1	304.9	305.3	301.7	293	279.1	278.1	0
2008	11	179.8	185.3	198.3	224.6	262.3	302.8	327.1	329.8	324.2	314.9	306.2	296.4	284.6	274.2	267.1	264	260.9	259.3	258.1	258.5	256.4	255.4	257.6	264.2	271.9	284.7	301.7	312.1	317.6	322.1	328.2	330.5	318.2	0	0	0
2008	12	253.4	255.6	263.9	276	284.1	297.9	305.1	304.3	296.7	288.6	282.7	280	273.3	265.9	262.4	261.4	259.4	256.7	254.8	252.7	251.9	254.5	258.6	265.6	280.8	300.2	318.7	334.6	343.4	348.1	352	328.8	0	0	0	0
2009	1	282.6	283.1	283.8	283.8	286.7	295	296.9	292.6	281.8	273.4	269.7	265.6	261.9	258.5	256.1	256.7	257.1	255.2	253.8	252	253.9	257.8	260	268.2	286.8	310.7	335.5	359.6	371.3	379.3	389.2	433.3	0	0	0	0
2009	2	253.3	258.9	267.5	274.3	284.8	293	294.3	288.4	277.3	268.9	265.1	260.2	255.5	253.2	251.8	252	252.9	252.2	251.2	248.4	249.9	257	264.7	274.4	295.9	326	358.7	383.5	402.8	417.8	440.9	461.6	468.5	472.5	0	0
2009	3	230.3	242.3	258.3	275.1	286.1	289.1	288.8	283.6	274.8	268.1	266.4	264.5	259.6	256.5	255.3	256.6	259.6	260.5	261.2	260.2	263.3	268.7	277.6	291.8	312.2	338.6	363.1	383.9	400.6	413.1	427.8	440.3	450	453.2	459.9	462.6
2009	4	0	0	243	269.3	292.4	296.1	291	285.4	278	272.6	267.7	266.4	262.7	257.9	255.1	257.1	260.4	262.3	265.2	267	271.8	277.5	285.2	299.9	321.1	340.6	363.3	381.9	394.7	405	407.6	415.2	424.2	431.4	438.4	439.3
2009	5	0	0	0	0	291.9	294	294.9	297.8	296.8	289.4	284.2	273.3	263.9	257.8	255.7	256.4	256.7	257.7	261.6	267.4	274.2	280	288.5	300.2	313.3	330.8	346.2	364.5	377.9	385.8	389.1	388.3	390.7	392.4	394.8	395.9
2009	6	0	0	0	0	0	0	299.5	315.7	316.1	306.2	294.2	280.6	270.4	264.8	261.5	257	253.8	255.7	259.9	266.6	274.2	280.1	287.7	294.4	304.3	320	334.3	348.3	355.5	354	345.9	349	351.5	352.1	347.9	345.2
2009	7	0	0	0	0	0	293.4	302.6	321.1	325.2	317.7	306.4	296	284.4	275.2	267.2	259.2	255.3	257	261.9	269	274.6	279.8	285.9	290.9	296.4	304.6	317.5	331.3	338.2	338.6	329	323	317.1	312.7	306	300.9
2009	8	0	0	0	222.3	243.4	280	317.9	338.2	343.1	341.2	330.5	312.3	293.3	278.2	267.2	261.7	258.6	259.7	263.5	269.3	274.2	277	281	285.4	289.9	295.9	305.7	316.6	326.5	327.3	320.2	302.8	296.9	292.4	291.1	289.1
2009	9	129.5	127.4	147.3	175.3	225.5	289.9	342.9	365.5	362.3	352.2	338.7	317	298.6	284.4	273.8	265.4	260.1	259.4	261.1	266.2	270.6	272.3	275.1	277.8	283.6	288.8	293.6	297.4	302.4	306.4	305.8	303.2	297.6	285.5	283	282.8
2009	10	164.4	173.1	199.1	233.6	277.8	318.6	351.2	361	356.3	346.8	334.9	319.3	301	286.6	275.5	266.2	259.3	255.6	254.9	259.3	263.3	265.3	267	269.1	272.2	281.1	294.5	303.5	310.5	312.5	311	309.8	302.4	285.1	269.8	0
2009	11	207.1	215.5	235.4	268.2	293.4	320.2	334.5	340.1	334.7	325	315.2	304.7	294.2	283.7	273.5	264	256.2	249.6	246.8	250.5	255	258.8	263.3	267.1	271.1	280.8	294.8	308.5	323.1	333.2	343.1	344.9	329.8	0	0	0
2009	12	291.3	294.4	298.7	306.8	310.8	319.5	323.3	318.5	309.3	296.8	286	278.3	272.2	267.5	262.4	255.8	249.4	242.8	239.4	240.9	244.1	248.5	253.8	261.3	282.1	311.5	340.9	361.2	368.8	371.3	370	328.6	0	0	0	0
2010	1	285.5	285.5	284.8	287.8	294.4	302.7	307.9	304.2	293.9	283.7	276.1	270.1	264.4	261.4	258.6	254.3	248.9	242.3	239.2	239.9	244	247.9	253.8	265.7	291.2	326.7	362.1	383.4	393	392.6	392	395.4	0	0	0	0
2010	2	257	261.6	272.3	278.9	286.6	293.6	297.3	293.6	285.2	276.1	270.2	263.9	257.7	253.8	251	247.3	243.3	238	235.8	237.2	241.8	251.4	265.5	283.6	312.8	348.6	381.7	404	409	411.1	418.3	439.1	467.6	475.1	0	0
2010	3	247.9	250.7	269.7	285.5	293.4	295.4	292.2	284.6	277.9	273.2	270.5	264.9	260.2	255.8	252.4	250.1	247.4	244.7	245.6	248.2	253.1	260.2	273.8	290.9	316.2	345.7	381.1	410.2	432.2	444.5	449.6	454	459.2	460.5	476.2	491.1
2010	4	0	0	262.3	283.2	303.3	304	295.9	290.3	282.1	275.9	271.7	268	264.2	260.2	255.9	252	248.9	247.1	250.1	255	260.9	269.8	284.8	304.8	327.7	354.2	381.5	406.3	418.5	424.5	424.9	426.1	423.9	427.7	442.1	451.6
2010	5	0	0	0	0	301.8	300	295.8	296.1	293.5	289.2	286.1	277	268.7	261.5	254.1	249.3	247.3	246.8	250.8	259.4	267.6	276	289.7	306	326.6	349.5	370.9	384.4	390.9	395.8	396	397.3	402.9	404.8	409.2	413.5
2010	6	0	0	0	0	0	0	285.3	298.8	302.9	304.5	301.7	288.2	273.1	263.1	254.7	249.3	249.7	252.5	256.7	262.9	269.7	276.9	287.4	298.6	312.5	328.9	344.6	357.5	366.7	370.5	365.4	368.5	366.7	364.2	360.8	359.5
2010	7	0	0	0	0	0	318.5	309.7	316.2	320.1	317.9	308.7	292.9	276.6	265.2	258.6	254.5	257.9	263.7	267	270.6	275.4	280.7	287.4	293.6	300.9	308.2	319.7	334.1	345.5	347.6	338.6	330.7	328.2	330.5	333.2	334.3
2010	8	0	0	0	227.6	265.4	308.3	334.3	339	333.6	327.1	314.6	299.1	283.7	270.7	261.4	259.4	264.9	272.4	274.9	276.4	277	278.5	282.6	287.1	293.7	299.6	306.2	316.7	324.9	329.2	324.4	315.8	305.9	301.8	303.3	303.7
2010	9	138.7	154.7	181.5	212.2	257.6	302.7	332.5	344.9	342.3	336.1	323.7	308.7	291.4	278.1	269.8	269.4	275.9	280.9	281.2	279.7	276.4	275.8	277	279.8	286.7	294.6	302.4	310.6	317.4	315.8	311.6	307.3	300.2	290.3	292.4	293.8
2010	10	154.3	162.8	184.1	215.4	259.5	301.7	334.5	347	341.3	331.2	323.5	308.5	295.2	283.4	277.3	275.5	278.4	280.7	278.5	276.7	272.9	268.8	267.9	271	277.2	285.1	295	306.2	313.8	317.9	318.5	314.8	307.3	294.7	283.7	0
2010	11	181.1	187.7	203.2	233.3	269.7	307.1	327.8	331.7	325.2	317.3	312	303.2	291.9	282.5	277.2	276	276.5	276.4	273.6	270.1	264.3	259.9	260.1	263.6	270.3	283.6	298.9	314	324.1	328.7	335	338.6	335.3	0	0	0
2010	12	250	251.7	258.8	273.3	285.5	300.2	309.7	307.7	299.7	294.5	289.4	284.7	279.1	275.6	273.6	272.3	270.7	269.4	267.3	263.5	257.5	253.2	253.9	259.4	274.1	298.1	321.6	339.4	346	348.5	353.4	342.3	0	0	0	0
2011	1	270.9	273	276.9	284.6	291.9	300.7	304.3	297.7	285.4	275.1	270.6	269.5	268.6	268.8	268.3	267.5	266.8	264.8	262.7	259	254.6	253.3	255.6	262.1	282.6	317.1	349.4	366.5	374.1	373.1	374.8	384.4	0	0	0	0
2011	2	246	253.7	268.5	282	292	296.8	295.3	285.9	277	270.7	270	268.7	267.2	267.3	267.2	266.8	267	265.9	263.7	259.2	256	259.9	266.4	276.1	299.3	329.2	354.5	376.1	391.4	399.4	403	396.6	369.4	341.9	0	0
2011	3	247.8	267.9	277.9	287.6	290.8	293.1	292	284.7	274.9	271	270.4	267.9	264.8	263.3	263	264.7	266.4	266.5	267	264	262.7	269.7	278.4	288.6	308.8	342.7	370.3	383.7	395.1	397.8	389.1	374.1	352.3	324	309.3	324.2
2011	4	0	0	273.9	281.5	299.9	301	295	288.1	279.4	271.7	267.8	266.9	264	259.8	257.4	258.5	260.3	262.2	265.3	265.3	267.2	274.9	285.1	297	312.6	331.9	350.6	364.5	377.3	386.3	396.4	405.8	411.2	412.1	418	418.6
2011	5	0	0	0	0	295.7	298	295.1	293.2	287.1	281.6	276.6	273.2	268.3	263.2	258.4	256.2	257	260.1	263.3	267	272.5	278.5	286.5	296.1	306.3	321.2	341.7	358.1	372.8	383.6	385.2	380.7	379.5	378.1	376.8	375.3
2011	6	0	0	0	0	0	0	286.2	298.9	302.6	301	297.3	286.1	274.3	267.6	262.2	257.2	255.7	259.5	264.6	269.9	274.5	278.7	285	290.6	297.1	310.4	326.1	342.7	353.5	353.3	342.1	339.2	337.1	339.6	341.1	338.3
2011	7	0	0	0	0	0	299.2	307.4	317.7	325.5	326.2	317.8	300.9	281.4	270.6	264.6	259.3	256.4	259.7	264	268.4	272	276.2	281.6	285	289.8	296.4	306.6	317.6	327.2	328.2	320.4	314.2	311.5	307.9	301.1	296
2011	8	0	0	0	202.2	238.9	282.3	314.6	336.4	345.1	342	328.5	310	291.6	280.5	274.5	265.5	261.3	264	267.9	271.5	273.8	276.1	279.9	283.6	287.8	292.2	297.4	305.7	311.8	314.6	308.7	299.6	286.3	281.7	280.2	278.6
2011	9	122.5	133.5	156.6	180.7	219.9	271.6	320.2	346.4	352.5	348.3	335.1	314.7	296.4	287.5	281.7	273.1	267.7	267.9	268.9	271.5	273.9	275.1	277.5	278.9	280.2	283.9	290.1	297.6	305	305.8	301	292.6	283.8	274.6	277.1	281.1
2011	10	132.4	138.8	156.3	181.5	227	289.8	334	352.1	349.6	343.7	333.8	318.5	304.1	291.3	283.2	275.2	266.5	262.8	261.8	264.8	267.2	268.7	271.1	273.6	274.9	277	283.2	291	298.2	305.3	308.4	307.6	299.7	287.9	277.5	0
2011	11	207	213.4	229	251.1	267.9	293.4	316.8	328.9	329.1	322.3	313.1	304.2	296.5	289.4	281.6	272.3	263.7	256.4	253.4	256.1	259.2	262.1	264.9	268.7	273.2	283.6	293.9	304.7	315.2	318.7	324.5	321.4	302.2	0	0	0
2011	12	259.5	263.7	273.6	289.3	295.9	307.1	311.2	307.4	299.5	293.2	290.6	287	280.8	274.8	271	266.3	259.7	251.7	248.1	250.9	253.9	255.6	259.8	266.1	277.2	290.9	307.5	322.2	330.7	339.2	347.5	347.6	0	0	0	0
2012	1	286.7	289.1	289.6	290.2	292.2	298.3	299.5	292.8	281.5	274	271.3	269.2	265.1	261.9	259.3	257.1	252.4	245.8	243.2	244.6	248.3	251.8	258.1	269	288	312.4	337.3	358.8	372.8	382.5	395.2	417.5	0	0	0	0
2012	2	263.8	268.2	276.4	281	287.7	292.4	293.1	288	279.5	272.2	267.7	263.8	261.1	259.1	257.5	255.8	253.2	248.5	247.4	248.2	252	258.1	266	275.4	296.5	325.4	357.2	384.7	398.5	406.7	411.9	423.9	434.6	436.8	431	0
2012	3	239.7	253.2	270.7	282.7	289.9	292.2	290.5	283.1	275.6	270	267.8	266.2	263.6	260.8	259.8	258.8	257.8	255.3	255.5	258.1	263.8	271.1	282.2	292.4	306.9	331.3	351.9	373	391.2	405.2	416.9	429.2	439.7	439.7	450.4	462.5
2012	4	0	0	271.8	285.4	300.3	300.9	292	281.7	273.5	268.1	266.4	264.8	262.5	259.3	258.2	257.8	256.3	255.1	257.2	262.7	271	280.3	291.2	301	314	333.2	352.2	369.2	384.2	397.7	407.4	422.9	437	436.4	433.5	432
2012	5	0	0	0	0	306.3	300.3	294.7	292.7	291.2	286.7	279.5	272	266.4	263.7	259.8	256.3	253.9	252.6	256.9	267.5	278.5	286.2	294.3	301.5	310.9	325.7	344.2	359.3	367.7	373.4	378.1	378.7	382	387.7	389.7	386.3
2012	6	0	0	0	0	0	0	284.6	295.8	301.2	301.1	297.2	287.7	276.3	268.2	261.4	255.8	253.1	253.5	258.8	268.9	278.8	284.2	288.9	292.8	300.2	313.3	329.4	342.7	346.8	344.5	341.4	336.4	335.9	339.9	343.7	345.9
2012	7	0	0	0	0	0	304	309.3	317	319.6	319.2	313.2	298.9	282.7	270.5	262	256.9	254.7	256.1	261	269.6	279.1	285.1	288.6	290.8	294.4	299.2	307.5	316.9	322.6	322.5	318	311.9	310.3	308.6	305.6	301.4
2012	8	0	0	0	234.3	282.3	313.5	327.7	334.2	337	334.1	324.3	307.8	289.8	276.2	265.7	261.3	259.2	260.7	264.5	270.7	277.1	280.1	281.7	283.6	287.6	291.5	296.7	303.9	309.7	309.9	305.7	300.2	292.2	286	282.2	280.6
2012	9	149.6	162.7	185.7	216.2	259.7	304.7	338.7	349.7	348.3	340.9	329.8	314.6	298.9	285.8	273.1	266.2	263.6	264.1	265.4	269.2	273.8	276.5	277.4	279.4	282.8	285.3	289.2	294.6	299.3	301.2	297.8	293.1	289.5	284.1	270.4	250.9
2012	10	214.2	228.1	249.3	278.4	310.1	334.8	354.7	359.9	351.2	338.9	326.7	312.7	297.9	284.6	271.8	263.9	260.3	258.4	257.5	258.5	261.4	262.5	263.5	266.4	271.4	278.3	287.5	294.6	300.4	304	304.4	301	294.8	281.8	271.8	0
2012	11	300	304.9	314	319.7	324.4	333.3	339.8	338.5	330.5	320.4	308.3	298	290.4	281.5	272.1	264.5	259.3	256.3	253	249.6	248.8	249.8	255.6	264.5	275.9	288.6	299.6	310	318.1	320.1	320	314.4	305.7	0	0	0
2012	12	305.3	308.1	309.6	310.6	313.4	321.1	327.3	323.6	312.6	299.4	287.5	279.6	275.4	271.5	266.9	261.1	256.1	253.1	249.5	243.5	238.8	238.1	245.1	258.2	275.3	298.6	321.9	337.4	341	339	347.3	354.2	0	0	0	0
2013	1	285.5	286.3	285.1	285.3	292.4	301.7	307	303.9	294.7	285.2	278.5	272.5	267.1	263.8	260.6	256.5	253.5	251.3	248.1	241.5	236.2	235.5	241.7	255	277.7	308.1	337.6	358.3	369.8	375.9	394.3	425.3	433.8	0	0	0
2013	2	275.6	278.4	276.5	281.8	291.8	297	295.6	288.4	281.5	277.8	275	269.3	262.9	259.6	258.3	256.8	256.6	256	253.2	246.2	240	238.9	245.9	259.2	280.8	316.1	354.9	381.1	393.9	401.8	412.8	424.7	437.2	447.1	445	0
2013	3	236.9	263	279.5	292.7	300	299.9	294.7	286	278.5	274.3	272.8	267.7	262	258.5	257.4	257.9	260	262.4	261.2	254.3	250	251.9	260.4	272.5	293.6	327	361.5	388.6	407.1	419.7	430.6	435.7	439	435	423.9	415.7
2013	4	0	0	269.5	287	300.9	300.8	295.1	291.3	285.3	278.3	272.9	268.1	261.6	255.5	252.5	254.5	259.2	263.9	265.2	262.8	262.8	266.3	275.1	288.8	308.6	336.1	362.4	383	396.2	410.1	423	434.3	437.8	428.3	419.6	415.8
2013	5	0	0	0	0	313.1	310.7	306.2	302.2	295.8	285.4	275.3	266	257	251.1	248.8	251.6	259.1	266.1	268.1	269.1	272.2	275.9	284.6	296.8	312.7	333.2	352.4	365.7	375	386	396.3	400.5	404.3	412.3	420	422.8
2013	6	0	0	0	0	0	0	305.9	309.1	306.8	296.9	284.6	267.3	254.6	249.8	248.5	252.8	263.3	271.8	275.2	277.4	280.4	283.1	288.8	294.5	301.4	313.4	330.6	348	359.7	364.9	359.5	352.2	354.4	363.2	373.8	379.8
2013	7	0	0	0	0	0	305.2	306.5	309.5	310.7	303.9	291.3	274.4	260.4	253.3	253.1	258.1	268.6	278.5	282.7	284.2	286.1	287.6	289.5	292.8	297.3	303.2	313.7	328.6	338.7	338.7	331	323.3	321.6	325.5	327.8	328.4
2013	8	0	0	0	238.1	258	297.6	319.7	332.6	331.2	321	304.5	286.1	271.1	261.9	259.1	261.6	271.5	282.6	285.9	286.1	286.4	286.1	286.6	289.4	293.8	298.6	305.8	314.8	320.3	319.3	313.4	307.5	301.1	301.4	306.2	309.4
2013	9	0	154.9	184.5	216.6	248.8	285.6	325.1	344.4	343.7	331.8	314.9	297.7	283.3	273.6	267.4	265.4	272.9	280.8	282.9	282.6	281.6	279.7	279.3	281.5	285.6	292.3	297.3	302.7	308.1	311.1	310	307.4	301.9	294.5	283.3	278.2
2013	10	200.7	206	224.7	252.9	282.9	312.9	338	345.5	339	326.9	313.6	299.2	285.1	276	269.9	265.8	269	273.4	274.3	274.1	271.8	269.2	269.5	272.5	276.6	281.7	288.1	295.8	303.7	306.6	309	311.1	311.5	302.8	288.3	0
2013	11	283	285.8	292.7	299.1	308.6	320.8	326.5	322.7	316.1	309.1	302.4	292.3	282.4	273.8	266.8	264.1	264.3	265	264.6	263.9	261.6	260.4	262.3	266.7	274.3	285.7	298.4	306.9	312.3	317.9	328.4	332.1	329.9	0	0	0
2013	12	306.2	305.3	302.4	302.1	302.3	308.2	311.7	309.4	301.9	291.6	283.7	277.6	271	265.6	262.5	260.9	259.7	258.9	258	255.8	252.4	251.3	254.6	267	285.9	308.1	326.4	337.6	339.6	335.2	342.8	355.7	0	0	0	0
2014	1	282.8	283.8	284.2	287.3	291.7	299.3	303.8	299.3	287.7	277.4	271.7	266.8	262.5	259.9	257.5	256.3	256.2	254.6	252.8	250.3	248.9	251.5	258.4	271.4	292.3	320.1	345.4	365.3	380.3	385.4	389	387.9	375.9	0	0	0
2014	2	285.5	284.5	285.3	291.6	295.5	296.1	291.8	284.4	275.7	270	267.4	264.2	261.2	259.5	258.6	258	259.2	258.4	255.6	252.1	253.5	258.6	266	279.3	303.2	333.7	363.9	387	401	402.1	396	388.7	382.2	381.6	0	0
2014	3	269.4	276.1	281.6	289.6	293	292.8	289.7	280.9	271.6	267.4	268.6	267.9	262.6	258.5	257.1	258.9	261.3	261.7	261.3	260	263.2	268.1	275.1	290.1	314.4	342.4	367.7	388.5	399.8	403.3	402.8	401.3	403.4	414	421	433.3
2014	4	0	0	301.7	300.4	303.5	299.3	290.7	284.5	278.8	275.4	271.6	267.8	264.3	260.9	257.4	257.5	258.8	259.3	261.2	264.1	270.4	278.1	287.5	297.2	315.2	338	359.8	376.7	389.8	399.3	407.9	419.2	434.6	447	454.4	462.4
2014	5	0	0	0	0	0	317.5	302.2	298.9	298.5	294.8	288.4	276.5	265.3	261.2	259.1	257.8	257.2	257.6	259.8	266.3	275.5	283.8	292.9	301.6	315.6	332	349.7	361.6	369.2	375.4	379.6	384.4	390.7	399.1	400.5	401.8
2014	6	0	0	0	0	0	0	297.3	309.5	318.1	315.2	303.5	286.5	273.1	265.7	261.8	258	256	257.1	261.3	269.2	276.7	282.3	287.9	293.1	302.5	315.4	330.8	342.8	350.9	353.1	349.8	345.3	343.6	347.2	353.3	356.8
2014	7	0	0	0	0	0	307.3	314.7	322.2	329.6	327.7	316	298.4	281.5	270.7	265.1	261.5	258.7	261	266.4	272.7	278.3	282.5	286.2	289.5	294.8	302.7	313.7	325.8	333.4	333	324.3	316.4	314.6	318	318.1	317
2014	8	0	0	0	246.1	263.4	297.7	326.3	345.9	349.6	340.5	324.6	304.2	287	276.9	271.6	267.4	264.8	266.9	270	274.9	279.3	279.8	281	282.8	286.6	292.5	301.5	312.7	319.8	319.3	311.9	306.1	300.5	295.3	286	279.1
2014	9	0	148.8	173	208.2	245.7	291.1	335.1	359.2	358.3	348.9	334.4	316.2	298.8	286.3	277.6	272.4	268.7	268.8	269.3	272.3	277.2	278	278.5	278.7	281.1	285.9	292.1	300.9	307	309.3	308.7	307.6	303.4	294	279	267.6
2014	10	173.9	179.2	203.9	237.8	277.9	316.8	349.4	360.8	355	342.7	327.9	313.2	300.4	290	281.2	272.1	264.8	260.8	259.5	263.1	268	269.5	271	271.6	273.7	277.9	286	297.1	308	314.6	316.1	315	308.6	286.2	263.1	0
2014	11	244.3	250.2	264.5	279.8	296.1	316.9	334.5	339.1	332.5	322.4	312.6	302.5	293.6	286	278.1	269	260	252.8	250.2	253.2	257.3	259.8	264.7	268.1	270.5	281.3	298.6	314.5	326	330	332.8	331.1	328.8	0	0	0
2014	12	283.3	285.6	292.4	301.1	305	314	320	315.4	304.3	293.8	287.9	284.6	279.3	274.4	271.3	265.5	256.6	248.2	245	246.8	250.1	254.1	258.4	264.6	279.3	300.8	322.2	338.9	349.5	356.8	365.6	373	0	0	0	0
2015	1	281.3	284.1	287.8	293	298.7	303.4	304.1	299.8	290.2	280.2	274.1	269.7	264.7	261.3	260.7	257.5	251.5	244.8	241.1	241.3	243.9	248.4	257.2	269.1	289.9	320.1	347.2	367.3	385.2	399.8	419	438.3	433.8	0	0	0
2015	2	270.4	269.9	273.1	283.7	293.2	298.9	297.4	289.8	281.1	275	272.2	268.8	263.6	261	261.5	259.8	255.3	250.4	247.4	247.2	249.9	257.6	271.6	288.2	313.1	343.3	366.1	381.1	392.7	405.8	418.8	428.5	426.3	418.4	0	0
2015	3	252.6	260	272.5	286.4	294.4	296.8	295.1	288.4	281.1	274.8	271.3	268.2	264.7	263.4	262.4	259.8	256.7	254	253.9	255.4	259.5	269.8	284.2	296.8	314.6	339.3	365.2	386.5	404.7	417.3	423.6	424.4	421.7	426.1	424.7	439.5
2015	4	0	0	272.9	300.1	312	311.8	299.7	290.4	282	276.2	272.6	267.9	264.1	260	255.7	253	252.4	253.7	257.2	260.9	267.6	278.5	293.1	306.8	320.6	339.5	358.1	376.7	397.8	414.7	425.3	433.5	444	455.3	470.1	482.9
2015	5	0	0	0	0	0	318.9	308.2	304.4	301.5	292.6	283.1	271.9	262.3	255.6	250.8	248.9	252.6	257.8	261.8	266.2	273.1	283.3	296.9	308.8	318.8	333.1	353	371.3	385.7	395.3	397	394.4	393.1	399.6	403.2	407.2
2015	6	0	0	0	0	0	0	315.6	317.3	316.2	309.4	297.2	279.8	262.5	251.2	245	245.2	254.8	264.1	269.1	272.7	278.8	286.1	293.1	296.9	304.2	318.4	336.4	351.1	359.6	360.8	357.5	354.5	354	354.5	353	352.9
2015	7	0	0	0	0	0	331.2	316.1	314.3	320.5	318.4	306	286.7	268.6	255.3	247.5	248.8	259.4	270.6	276.9	279.9	281.9	284.6	288.8	293	296.7	302.4	313	328.3	340.2	342.3	336.1	326.8	319.1	314.1	311.3	307.7
2015	8	0	0	0	249.7	269.8	295.6	311	319.9	324.7	321.9	312	294.1	274.9	261.2	253.7	256.3	266.8	278.3	282.9	283.4	281.7	281.3	283.3	287.6	293	298.7	305.4	312.5	318.7	321.7	318.3	311.2	302.6	299.5	298.5	298.6
2015	9	0	149.6	166.8	187.6	214.6	258.1	303.5	325.1	329.4	325.4	316.2	302.1	285.1	272.4	265.4	263.9	271	281	283.8	282.3	279.2	276.4	276.5	279.5	285.5	291.7	298	304.5	310.9	314.5	312.2	303.7	295.4	288.5	279.6	272.2
2015	10	130.7	134.4	144.1	160.9	193.4	252.6	310.6	332.2	331.8	325.1	315.5	303.1	290	278.9	270.5	267.3	270.2	275	276.2	274.9	271	267.5	268	270.8	275.1	281.5	291.8	304	313.4	316	315.2	314.2	305.8	286.3	265.9	0
2015	11	164.3	168.7	182.1	206.5	242	284.5	316.6	324.1	318.1	311.3	304.5	295.9	287	277.7	269.6	265.7	265.9	265.3	264	262.2	258.8	257.3	259.4	264	273.2	284.8	298	312.3	324.1	330.7	332.1	324.4	318.7	0	0	0
2015	12	246.6	249.7	256.1	268.9	276.8	288.7	297.8	299.8	295.3	289.2	285.5	282.7	278.5	271.6	263.9	260	258.9	256	253.4	250.6	249.2	251.7	255.1	261.5	274.9	295.7	317.5	334	342.5	344.3	350.2	351.7	0	0	0	0
2016	1	281.4	279.6	280.2	283	288	293.1	294.7	290	282.6	275.9	272.9	270	266.2	261.9	257.6	255.5	255.2	252.6	249.9	246.6	246	247.7	251.8	263.8	286	317.4	348.7	373.5	381.4	373.8	367.1	370.9	399.4	0	0	0
2016	2	266.9	269.3	272	278.3	286.7	291.7	292	286.5	277.3	270	268	265.5	261.4	258.5	256.1	254.5	254.5	252.9	250	246	245.5	250.9	259.6	272	295.4	328.5	360.5	383.8	395.9	394.7	386.7	375.9	364.4	376.3	429.7	0
2016	3	264.5	262.2	272.2	281.8	289.9	290.6	288	284	276.9	269.2	266.6	265.4	260	254.4	251.7	252.1	253.8	254.6	254.3	249.9	248	254.6	267.2	283.8	305.8	333	360.8	379.9	389.4	394.2	399.7	410.2	429.4	445.1	463	461.7
2016	4	0	0	260.5	285.9	299.6	301.6	296.3	291.5	283.8	275.8	269.6	265	259.5	253.2	249.3	250.1	252.8	256.5	257.4	252.8	254.2	262.3	278.1	296	315.1	337.6	360.1	378	389.6	395.5	398.6	406.6	415.9	419.3	422	425.5
2016	5	0	0	0	0	308.5	311.6	313.6	312.4	309.2	298.3	283.8	269	259	251.4	245.4	246.1	253.3	259.9	259.9	257.5	261.4	270.2	284.3	298.4	313.1	329.4	348.2	365.2	371.9	372.1	374	374.8	375.6	377	377.6	376.7
2016	6	0	0	0	0	0	0	320.6	328.3	324.6	312.7	296.8	277.9	262	251.4	244.3	245.2	256.1	263.9	264.6	265	269	274.6	282.4	289	297.5	309.4	324.3	338.2	346.6	347.7	343.7	340.5	344.4	353.3	356.6	356.3
2016	7	0	0	0	0	0	319.5	330.9	338.7	335.5	325.3	308.9	286.6	266.9	252.1	243.9	248.3	261.4	270.2	271.5	271.4	273	275.7	280.5	284.8	289.7	295.6	305.2	317.2	326.2	326.8	321.6	314.8	313.1	314.5	316.7	317.1
2016	8	0	0	0	239.8	276.4	311.6	338.6	351	349.8	337.7	317.4	294.5	274.1	259.4	250.2	252.9	265.8	275.7	277.6	276.5	275.9	276.1	279.1	283.1	287	290	293.4	300	306.1	307.9	303.6	299.2	295.8	296.7	297.7	296.3
2016	9	138.8	156.5	183.2	214.2	259.2	312.4	339.9	348.8	347.1	339.8	327	307.6	288	273.1	263.1	261.1	269.6	277.6	277.1	274.5	271.6	270.6	271	273.4	276.7	281.6	288.9	296.7	299.2	299.3	295.8	293.3	294.3	295	292.2	288.9
2016	10	165.5	180.4	203.4	234.1	270.1	306.1	333.2	345.3	345.1	337.4	324.3	305.6	288.4	276.1	266.7	263.5	268.9	273.2	271.4	268.1	265.2	263.2	262.4	262.8	265.9	272.3	284.3	301.1	310.2	311.5	308.8	303.6	297.3	286.5	273	0
2016	11	295.7	297.9	299.3	301.4	305.5	314.9	323.9	326.1	319.2	307.6	298.2	290	282	273.2	263.5	259.9	261.8	263.5	261.7	257.4	253.2	252.2	254.1	256.2	260.6	273.2	287.7	300.4	310.1	320.4	334.3	339.5	336.5	0	0	0
2016	12	304.9	306.3	305.8	306.6	308.7	313.4	318.3	316	306.8	294	282.2	273.2	266.9	263.2	259.6	257.8	258.5	259.5	258.1	253	246.6	243.6	244.9	249.6	263.3	285.7	311.4	335.2	349.9	359	373.6	379.3	0	0	0	0
2017	1	285.7	287.8	284.9	286.1	293.8	300.6	305.3	303.7	294	281.4	272.8	266.3	261.4	259.6	259	258.8	259.6	259.2	257.4	251.7	245.2	243.3	247	258.9	280	309.8	338.8	359.4	368.8	372.5	382.2	396.1	410.3	0	0	0
2017	2	277.9	274.3	270.4	275.9	287.1	295.9	299.6	294.5	283.3	274.1	269.7	264.9	260.1	258.1	258.3	259.6	261	261.1	259.3	252.8	247.1	248.4	253.9	266.9	292.8	326.6	354.7	375.1	388.8	395.1	400.6	405.8	413.3	423.3	423	0
2017	3	280.7	274.8	274.5	281.5	289.1	293.2	295	290.1	281	272.8	269.3	266	261.4	258.5	258.3	260.8	263.7	264.4	263.4	258.3	255.9	259.9	267.8	279.8	302.8	333.8	360.1	378.6	389.3	395.8	400.1	408.1	425	435.8	432.9	416.3
2017	4	0	0	268.2	284.3	301.3	305.7	301.4	295.8	286.3	277.3	270.4	265.1	261.4	257.4	256.6	259.4	261.7	262.5	263.2	261.9	264	270.7	281.4	293.5	309.1	331.4	353	368.8	379.8	390.4	401.2	413.2	421.5	420.1	418.5	417.7
2017	5	0	0	0	0	309.7	311.3	304	297.8	295	289.9	282.3	271.9	263.4	260.2	258.5	257.2	257.3	258.1	259.6	263.6	270.7	276.4	286.7	298.4	311.1	327.9	344.5	355.6	364.9	372.4	376.7	376.2	375	379.1	380.3	379.9
2017	6	0	0	0	0	0	0	306	312.8	313.8	310.9	301.9	287.9	271.3	261.1	258.3	256.8	255.7	257.2	260.2	266.6	272.7	276.3	282	288.7	297.6	311	327	338.7	344.4	346	343.8	339.9	340.9	344.5	345.4	342.5
2017	7	0	0	0	0	0	309.2	313.6	324.8	333.4	331.4	318	295.9	277.2	268.1	262.7	258.9	257.2	260.1	264.1	268.7	272.7	276.7	282.8	287.1	291.4	296.3	303.5	314.5	325.2	327.3	321.4	314.3	313.5	316	320.6	322.9
2017	8	0	0	0	242.1	290.1	317.6	336.4	348.8	353.2	346.1	330.5	308.8	286.5	272.2	266.9	263.7	261.2	263.7	266.3	269.1	272.3	273.9	277	280	283.5	287.9	295.3	304.7	311.1	310.2	303.6	299.9	295.6	293.1	293.1	292.1
2017	9	162.6	183.4	207.8	235.1	279	326.1	353	364.3	364.5	355.2	339.2	317.6	296.8	282.3	274.3	268.5	264.8	264.9	264.6	266.2	269.5	270.3	271.9	274.4	278.9	284.1	291.2	298.6	304.8	307.3	301.1	291.4	283	276.8	264.9	250.8
2017	10	181.1	195.4	218.6	251.8	290.3	325.3	352.5	360.4	355.7	344.6	331.7	316.9	301.8	290	281.5	271.7	264.7	260.9	259.6	261.6	266.1	267.7	268.5	269.3	271.5	274.7	281.9	295.3	307.3	314.2	313.2	307.9	296.9	273.4	251.6	0
2017	11	287.6	296.1	304.4	309.3	316.3	327.6	335.2	334.6	328.1	319.3	310	300.4	291.4	284.3	278.4	269.9	260.9	253.9	251.7	253.8	257.3	259.4	262.4	267.8	273.7	282.3	295.2	308.4	318.1	322.8	328.6	327.7	315.2	0	0	0
2017	12	287.3	292.5	299.7	308.3	315	322.4	325.5	318.1	306.1	296.4	289.7	283.4	276.3	271.5	267.6	261	253.2	245.7	243.2	246	250.2	253.3	258.6	264.5	275.9	297.7	322.8	342.4	349.5	347.3	352.8	345.5	0	0	0	0
2018	1	288.4	287.7	285.9	288.6	296.9	305.3	308.6	302.6	291.4	282.1	276.9	271.5	265.7	263.8	262.8	258.6	252.7	246.1	242.7	243.4	247.5	253.8	263.7	275.9	296.3	324.5	352.1	372.8	380.1	377	375.7	372.3	362.4	0	0	0
2018	2	259.1	264.2	268.4	278.4	290.4	296.9	296.3	289.2	280.5	273.9	269.8	263.4	257.4	255.2	254.1	252.4	247.8	242.4	240.1	241.9	247.4	255.7	267.1	281.5	305.8	335	363.5	386.5	403.5	413.2	416.7	420.6	443.9	455.2	402.6	0
2018	3	227.6	243.1	263.5	282.5	295.1	298	294.4	286	277.6	271.9	268.8	263.3	258.4	256.3	256.1	254.1	250.8	247.8	248.4	252.5	259.3	267.1	277	291.8	315.3	344	371.2	396.1	416.3	429	431.7	433.2	444.4	456	470.2	466
2018	4	0	0	261.2	280	304.8	312.3	306	296.3	285.2	276.6	271.2	266.8	264.1	261.5	259.2	255.9	251	248.1	250.9	258.9	268	277.2	288.1	302.3	319.8	340.8	363.1	384	398.6	406.4	411.5	420	427.2	429.5	431.5	432.2
2018	5	0	0	0	0	338.5	327.9	316.2	310.7	305.7	296.9	285.5	274.7	267.3	264.5	259	253.2	249.1	246.5	251.2	262.4	273.4	281.6	291.1	303.2	316.4	327.8	339.7	357.1	373.1	382.9	390.5	394.1	394.9	398.7	399.6	397.6
2018	6	0	0	0	0	0	0	316.5	323.4	326.1	322.6	310.8	292.1	274.6	264.9	257	250.8	247.8	248	253.5	264.6	274.2	280.3	287.5	294.1	301.1	310.6	325.5	341.2	351.5	354	349.6	344.8	346	352.4	357.7	359.6
2018	7	0	0	0	0	0	310.7	322.4	333.4	338.5	335.2	322.2	302.7	284.8	271.7	259.1	252.1	250.8	252.9	258.6	267.3	275.5	281	286.7	291.2	295.1	298.2	304.8	315.5	324.1	325.1	319.7	312.2	313.7	322.7	327.7	326.1
2018	8	0	0	0	219.1	251.4	295.5	323.8	338.7	348.3	346.6	332.4	310.8	289.8	273.8	263.1	257.8	258.7	263.2	267.4	272.6	277.5	280.3	283.2	285.8	288.3	290.6	295.1	302.6	308.1	311.3	308.6	302.8	297.4	293.3	289.1	284.7
2018	9	129.4	148.7	166.8	190.2	227.6	280	324.5	347.8	354	349.6	336.3	316.2	297.1	283.6	271.3	266	267.3	271.5	272	272.3	273.6	274.5	275	276.8	280.3	284.3	290	296.5	303.1	305.4	301.3	296.2	294.8	293.4	287.2	281.1
2018	10	130.7	137.5	150.7	178.6	230.4	297.1	346.2	358.6	353.7	345.7	335.1	319.9	301.7	286.9	272.3	266.7	267.8	269.5	267.6	264.2	262	260.8	262.1	266.1	271.5	278.6	289.1	301.3	309.8	311.7	309	305.6	301.4	292.4	269.5	0
2018	11	203.7	212.7	231.2	254.2	278.6	308.9	331.1	336.4	331.2	322.4	312.3	300.5	289.4	279.4	269.1	264	263.4	263.9	261.3	255.6	249	245.9	248.2	254.2	265.9	283	301.6	317.3	326.7	327.4	329.5	328.8	317.6	0	0	0
2018	12	280.5	283.3	289.2	298.6	306	312.3	315.9	310.8	301.2	293.1	287.3	281.3	275	267.7	263	260.7	259.9	259.1	256.4	249.3	240.6	235.3	235.2	243.9	263.1	291	319.7	341.2	349.7	349.6	356.2	360.5	0	0	0	0
2019	1	284.5	284.3	283.4	286.2	293.1	299.8	302.3	296.8	286.5	277.8	271.9	266.9	262.7	259.4	256.9	256.2	256.7	256.2	254.2	247.6	239	233.1	234.1	243.8	266	298.2	326.8	347.3	361	374.9	402.1	431.8	430.2	0	0	0
2019	2	267.4	270.4	272.2	278	286.2	292.5	294	289.9	282	275.5	271.7	265.9	259.8	256.5	256	258	260	259.6	257.5	250.3	241.9	237.4	239.3	249.2	270.9	304.2	341.9	374.2	395.6	409.2	419.4	424.2	429	432.9	392.4	0
2019	3	258.3	272.1	278.4	286.7	295.2	296.8	291.7	283.3	274.9	269.7	267.2	265	260.4	256.3	255.8	258.8	261.6	263	262.8	257.7	252.7	250.8	253.5	265.1	290.7	327.2	359.3	382.7	400.2	412.5	417.5	420.1	430.9	442.6	443.7	428.8
2019	4	0	0	278.7	293.3	308.4	306.4	294.6	288.1	282.9	275.5	268.5	262.6	257.6	253.4	252.5	255.3	259.2	262.4	264.2	261.5	259.9	262.5	271.8	287.1	306.9	331.6	356.4	377.5	394	406.9	411.4	419.2	431.3	439.5	448.2	450.5
2019	5	0	0	0	0	318.5	311.6	300.4	295.7	292.8	286.8	276.2	264.6	256.3	252.2	250.8	251.7	255.6	260.1	263.4	265.2	266.8	271.5	280.1	291.6	307.4	329.8	352	368.3	377.4	383.7	391.3	397	400.3	405.2	402.2	390.1
2019	6	0	0	0	0	0	0	298.2	305.5	308.5	304.3	293.5	277	263.1	255.9	252.1	251.9	254.7	260.3	264.6	267.4	270.6	275.5	282.5	290.8	303	318.7	335.5	348.6	353.9	351.9	349.1	348.7	355.1	361.2	361.3	358.6
2019	7	0	0	0	0	0	315.8	321.2	327.2	327.5	322.6	310.8	292.4	275.2	264.3	257.9	254.3	256	262.7	267.8	270.1	272	275.7	282	287.3	292.8	300.2	311.3	323.3	332.1	331.6	324.6	317.4	316.4	318.6	320.1	318.7
2019	8	0	0	0	259.3	279.6	313.3	333.4	344.2	345.9	339.4	323.5	301.5	282.8	270.8	264.3	259.9	259.5	264.2	268.3	270.4	271.8	274.2	278.6	282.4	286.2	291.3	299.9	309.3	313.8	312.1	307.9	305.4	301.3	299.1	300.1	301.2
2019	9	220.8	237.2	274.6	298.5	330.3	353.6	366.2	366.8	360.1	347.8	331.8	311.7	291	275.9	266.9	258.5	256.8	259.7	261.6	262.3	262.7	264.2	267.8	271.8	276	281.1	287.1	294.7	302.6	306.2	302.7	295.8	290.1	284.8	274.9	263
2019	10	234.6	252.6	277.9	305.2	329.5	346.5	358.6	362.4	356	343.5	329.4	313.2	298.2	285.9	274.1	264.9	261.7	260.5	259.8	261.2	262.7	263.4	265	268.4	273.4	279.6	284.3	291.1	300.4	306.1	304.9	300.3	292.8	276.5	258.3	0
2019	11	331.1	331.2	331.3	332.1	335.6	339.2	341.8	339.1	330.1	317.7	305.6	295.9	287.6	279.8	270	261.5	256.2	252.6	251.3	252.8	253.5	253.9	256.8	261.4	271.9	287.6	302.9	316.3	323.8	323.4	323.6	317.5	319.2	0	0	0
2019	12	309.1	307.3	305.8	307.1	310.7	318.2	325.4	324.3	316.1	303.4	291.8	282.4	275	269.2	262.8	257	251.5	247.1	245.3	245.2	246.4	248.6	254.3	266.6	286.4	308.9	330.3	343	346.9	344.7	348	360.2	0	0	0	0
2020	1	292.3	292.2	290	291.1	299.3	307.3	311.5	306.8	295.3	283.2	275.9	270.5	266	262.7	259.5	255.6	251.2	245.8	243.4	243.8	247.9	254.9	262.5	276	298.8	326.5	351	367.7	374.1	373.6	375.2	378.7	385.7	0	0	0
2020	2	279.8	280.9	281.4	286.5	294.9	299.4	300.1	293	282.9	276.4	273.8	270.1	265.3	261.9	258.8	257	255.5	251.9	250	251.1	255.9	263.3	272.7	281.3	296.9	321.5	349.7	376.4	394.8	401.5	391.5	372.2	341.2	314.5	299.4	0
2020	3	258.8	270.6	283.6	293.4	297.9	296.3	290.7	281.8	275.1	272.4	270	266.3	262.2	259.2	257.4	256.4	256.5	256.1	256.2	257.6	262	268.9	279.7	293.4	311.9	333.4	353.8	371.9	385.4	389.5	378.8	361.2	335.8	297.2	266.3	246.1
2020	4	0	0	267.1	289.5	300.5	299.5	292.7	289.4	284.4	276.5	269.6	262.8	259	256.5	254.1	253.7	254	254.1	256.6	260.7	267.4	275.3	285.3	299.3	317.3	337.3	354.5	366.8	372.6	372.5	365.4	356.6	344.5	324.6	307.9	300.6
2020	5	0	0	0	0	310.9	307	301.2	298.8	296.8	289.9	279.2	267.6	259	253.5	248.9	248.1	248.7	249.6	253.1	259.6	267	275.9	286.7	295.2	303.6	317.4	333.8	348.2	356.4	358.9	360.8	360.6	359.6	361.5	362.6	358.5
2020	6	0	0	0	0	0	0	302.7	306	306.8	300	287.9	274.2	263.6	257.4	250.9	248.4	250.4	255	258.9	264.3	271	276.3	281.4	284.3	289	300.1	316.5	331.1	339	339.8	334.8	328.8	328.3	333.1	337.2	335.3
2020	7	0	0	0	0	0	298.1	310.2	316.5	317.5	312.4	300	283.7	270.8	262	255.3	252	256	262.4	266.2	269.7	273.8	276	277.4	278	281	288.7	300.9	312.8	319.3	320.2	314.6	307.7	302.9	299	292.4	285.2
2020	8	0	0	0	237.6	272.1	298.8	319.4	327.5	328	322.3	310.9	295.2	280.1	268.5	261	257	260.6	266.9	270.5	272.3	272.2	272.9	273.8	275.1	277.4	282.4	291.1	302.1	309.1	308.6	301.7	295.8	288.9	280.8	270.5	263.3
2020	9	122.4	139.7	160.6	183.5	222.3	282.3	330.1	347.8	345.4	335.4	321.9	304.5	287.5	274	265.7	263.4	266	269.7	270.3	270.5	269.6	269.2	269	268.9	271.9	277.2	282.8	288.6	296.1	300.1	298.3	293.3	289.3	286.7	278.6	267
2020	10	122.4	129.9	146.2	179.4	229.8	283.2	324	340.7	335.3	325.5	315.2	302.6	290.8	279.9	273	269.2	268.4	269.5	268.7	268.6	266.8	265.3	264.4	263.4	264.6	269	277.5	289.9	301.2	307.8	309	307.1	301	283.7	257.3	0
2020	11	147.1	154.4	168.3	195.9	240.7	286.8	313.6	322.8	320.2	314.1	306.6	296.3	285.5	276.8	271.7	267.8	265.1	263.3	261.7	260.6	259.4	260	262	264.3	268.4	276.8	287.4	299.5	309.7	315.8	320.2	325.2	326.6	0	0	0
2020	12	220.4	226.7	239	257.5	273.7	289.5	300.2	300.5	293.5	284.7	278.4	273.1	269.7	266.5	263.7	261.5	258.4	255.2	252.6	251.2	250.2	250.5	254.2	263.5	278.2	298.1	316	329	335.6	338.8	348.4	341.7	0	0	0	0
